1000 2000
0 1 1 655
1 1 2 115
2 1 3 26
3 1 4 760
4 1 5 282
5 1 6 251
6 1 7 229
7 1 8 143
8 3 9 755 588 886 876 111
9 2 10 105 729 176
10 2 11 693 540 971
11 1 12 759
12 3 13 914 882 431 30 543
13 1 14 559
14 1 15 90
15 2 16 605 382 809
16 1 17 433
17 2 18 33 395 340
18 1 19 31
19 3 20 96 787 553 490 944
20 1 21 224
21 2 22 239 73 806
22 2 23 518 428 261
23 2 24 617 329 475
24 1 25 28
25 2 26 575 660 906
26 3 27 204 978 320 120 235
27 1 28 734
28 2 29 666 355 954
29 1 30 719
30 1 31 559
31 3 32 430 285 205 178 870
32 2 33 226 128 416
33 3 34 460 271 296 217 952
34 2 35 604 894 868
35 1 36 285
36 1 37 829
37 1 38 891
38 4 39 7 97 378 716 345 48 306
39 1 40 778
40 2 41 826 357 808
41 3 42 164 823 775 88 40
42 2 43 715 366 956
43 1 44 433
44 2 45 349 370 763
45 1 46 285
46 6 47 160 102 567 85 312 272 405 703 790 480 353
47 2 48 221 994 77
48 2 49 981 293 430
49 2 50 782 832 7
50 1 51 345
51 2 52 105 340 507
52 1 53 95
53 3 54 390 412 230 213 162
54 2 55 100 460 515
55 1 56 368
56 1 57 868
57 1 58 353
58 1 59 619
59 2 60 271 635 423
60 1 61 827
61 4 62 45 686 984 231 812 977 71
62 1 63 748
63 1 64 471
64 3 65 550 715 844 178 857
65 1 66 128
66 1 67 997
67 2 68 945 405 97
68 2 69 388 310 798
69 1 70 81
70 3 71 566 311 647 920 784
71 1 72 301
72 1 73 850
73 1 74 644
74 2 75 634 267 824
75 3 76 907 538 177 536 478
76 2 77 883 914 685
77 2 78 371 222 773
78 3 79 592 385 167 448 258
79 3 80 197 962 321 382 865
80 2 81 722 486 892
81 3 82 72 101 263 417 677
82 2 83 47 695 41
83 4 84 678 244 246 680 680 467 230
84 3 85 234 596 866 359 158
85 1 86 792
86 3 87 297 603 662 404 573
87 1 88 82
88 1 89 876
89 1 90 239
90 1 91 888
91 1 92 104
92 2 93 390 495 518
93 2 94 285 575 357
94 1 95 465
95 1 96 651
96 1 97 855
97 1 98 374
98 1 99 167
99 2 100 380 742 662
100 4 101 364 879 649 923 740 548 238
101 3 102 215 955 502 961 732
102 2 103 687 526 339
103 1 104 274
104 1 105 719
105 6 106 960 999 13 255 263 936 921 834 867 132 92
106 1 107 700
107 1 108 664
108 1 109 74
109 2 110 624 203 6
110 1 111 651
111 2 112 176 574 516
112 1 113 547
113 2 114 747 908 296
114 1 115 251
115 2 116 168 148 829
116 3 117 474 880 66 143 754
117 4 118 389 675 231 597 987 532 22
118 1 119 277
119 2 120 948 816 211
120 2 121 656 775 939
121 2 122 705 598 315
122 2 123 571 130 510
123 2 124 225 862 198
124 4 125 702 154 997 330 812 712 693
125 2 126 333 264 874
126 1 127 864
127 3 128 787 946 377 658 157
128 1 129 795
129 2 130 58 411 640
130 2 131 235 817 720
131 2 132 842 980 799
132 3 133 33 522 546 576 515
133 2 134 825 703 62
134 2 135 324 746 386
135 3 136 411 661 426 225 192
136 1 137 275
137 1 138 68
138 1 139 217
139 1 140 936
140 3 141 966 683 376 871 342
141 2 142 581 673 213
142 2 143 898 385 810
143 2 144 736 632 332
144 3 145 323 503 318 244 52
145 2 146 218 904 649
146 1 147 672
147 3 148 512 351 617 918 841
148 2 149 406 541 196
149 5 150 906 400 544 290 40 166 268 214 172
150 1 151 937
151 1 152 659
152 2 153 470 399 197
153 1 154 147
154 2 155 272 218 462
155 2 156 143 308 831
156 7 157 253 401 130 602 181 860 946 935 778 622 766 357 338
157 2 158 763 324 186
158 4 159 575 235 481 583 671 831 494
159 1 160 552
160 2 161 270 163 419
161 3 162 765 237 453 578 669
162 2 163 599 535 382
163 4 164 439 997 336 674 528 579 703
164 3 165 920 502 422 444 461
165 1 166 598
166 3 167 409 569 632 915 470
167 1 168 371
168 1 169 225
169 1 170 142
170 3 171 522 881 307 877 455
171 1 172 506
172 2 173 94 923 815
173 3 174 774 875 390 316 276
174 1 175 49
175 1 176 882
176 2 177 113 217 254
177 2 178 157 743 77
178 2 179 643 291 677
179 3 180 164 661 532 260 625
180 1 181 812
181 1 182 697
182 2 183 433 733 403
183 1 184 611
184 2 185 66 464 720
185 2 186 395 332 580
186 2 187 391 973 990
187 1 188 611
188 2 189 480 241 259
189 2 190 542 386 222
190 3 191 258 702 531 205 755
191 1 192 995
192 1 193 567
193 3 194 882 908 245 936 784
194 1 195 966
195 4 196 12 283 248 215 452 248 275
196 1 197 697
197 2 198 739 313 339
198 1 199 118
199 1 200 699
200 1 201 907
201 2 202 550 852 980
202 2 203 769 380 617
203 1 204 274
204 2 205 788 824 142
205 2 206 657 341 806
206 2 207 349 758 278
207 1 208 115
208 2 209 301 588 321
209 2 210 446 518 969
210 1 211 162
211 2 212 465 280 104
212 1 213 4
213 1 214 977
214 1 215 740
215 2 216 897 801 427
216 4 217 737 487 677 357 783 925 909
217 1 218 270
218 1 219 996
219 2 220 513 569 971
220 2 221 781 374 562
221 2 222 183 460 337
222 2 223 520 995 885
223 3 224 935 816 75 741 467
224 1 225 109
225 1 226 892
226 2 227 641 856 45
227 1 228 306
228 2 229 862 232 775
229 2 230 655 340 359
230 2 231 520 347 473
231 4 232 624 671 866 372 159 539 701
232 2 233 204 602 184
233 2 234 157 972 53
234 1 235 383
235 3 236 781 489 472 624 584
236 1 237 166
237 1 238 553
238 1 239 977
239 2 240 798 786 245
240 2 241 945 791 139
241 3 242 544 613 102 305 684
242 2 243 941 633 586
243 2 244 1 552 125
244 1 245 614
245 2 246 332 972 163
246 3 247 501 997 673 477 308
247 2 248 20 725 126
248 5 249 115 300 686 510 209 961 619 834 534
249 2 250 952 717 565
250 2 251 372 952 416
251 1 252 900
252 3 253 852 538 572 983 76
253 2 254 827 950 773
254 2 255 315 376 572
255 1 256 246
256 2 257 60 951 774
257 1 258 247
258 3 259 900 342 482 590 119
259 3 260 581 276 366 297 772
260 1 261 970
261 4 262 81 944 10 645 977 558 336
262 2 263 88 753 220
263 1 264 750
264 1 265 498
265 1 266 836
266 1 267 71
267 3 268 779 660 242 636 526
268 2 269 546 535 721
269 1 270 785
270 4 271 129 911 604 820 127 645 783
271 2 272 132 325 130
272 2 273 676 418 74
273 4 274 487 836 135 358 745 734 254
274 1 275 970
275 1 276 563
276 1 277 170
277 1 278 272
278 2 279 541 419 112
279 2 280 894 500 774
280 1 281 622
281 3 282 434 887 58 936 811
282 1 283 988
283 2 284 217 432 134
284 2 285 952 470 600
285 2 286 553 541 984
286 2 287 774 897 719
287 1 288 748
288 1 289 707
289 1 290 206
290 3 291 731 549 742 371 257
291 2 292 320 377 782
292 3 293 409 795 205 954 61
293 4 294 688 777 713 712 185 311 515
294 2 295 666 988 560
295 3 296 383 745 128 508 707
296 1 297 449
297 3 298 922 691 885 341 295
298 2 299 530 722 398
299 2 300 463 429 654
300 3 301 124 507 45 629 106
301 2 302 254 528 415
302 2 303 231 616 457
303 1 304 66
304 2 305 347 769 75
305 2 306 22 536 965
306 4 307 603 961 986 793 836 802 802
307 4 308 568 469 729 589 63 693 189
308 3 309 236 778 659 583 505
309 3 310 603 324 726 456 677
310 1 311 226
311 2 312 8 480 166
312 2 313 73 895 636
313 2 314 725 571 237
314 2 315 647 924 767
315 2 316 61 825 24
316 4 317 235 501 974 797 926 724 735
317 4 318 70 665 227 790 463 845 408
318 3 319 928 429 593 883 15
319 3 320 33 680 107 652 796
320 2 321 881 515 782
321 3 322 339 750 156 499 471
322 1 323 73
323 2 324 527 446 761
324 1 325 244
325 1 326 286
326 1 327 686
327 1 328 498
328 1 329 220
329 2 330 553 619 390
330 4 331 136 582 851 949 257 561 355
331 2 332 741 348 179
332 3 333 958 390 301 727 13
333 1 334 904
334 2 335 585 680 780
335 4 336 591 963 327 424 411 868 453
336 2 337 485 883 390
337 3 338 249 463 421 647 597
338 2 339 804 419 945
339 1 340 485
340 3 341 827 906 782 477 46
341 3 342 417 591 129 514 79
342 1 343 195
343 1 344 97
344 2 345 100 374 507
345 2 346 675 648 582
346 1 347 442
347 3 348 363 812 409 707 7
348 1 349 434
349 2 350 421 511 379
350 1 351 479
351 1 352 885
352 1 353 747
353 1 354 56
354 2 355 690 513 283
355 3 356 670 901 439 422 564
356 1 357 662
357 2 358 101 385 425
358 1 359 63
359 2 360 413 817 44
360 5 361 746 825 278 880 76 920 347 534 144
361 3 362 348 608 585 991 446
362 4 363 820 796 889 633 625 930 96
363 1 364 883
364 2 365 112 931 964
365 2 366 255 414 887
366 1 367 197
367 3 368 195 751 442 956 303
368 2 369 550 645 105
369 1 370 460
370 5 371 144 896 608 389 372 891 230 450 940
371 1 372 433
372 1 373 188
373 3 374 286 508 93 617 993
374 1 375 474
375 1 376 256
376 1 377 896
377 2 378 946 549 621
378 1 379 78
379 1 380 454
380 2 381 828 948 957
381 1 382 883
382 5 383 877 624 396 730 572 444 633 798 471
383 1 384 564
384 3 385 101 467 700 827 191
385 3 386 52 815 465 722 833
386 2 387 668 427 895
387 1 388 554
388 2 389 857 775 566
389 3 390 16 477 791 547 758
390 1 391 993
391 3 392 96 906 541 851 891
392 2 393 949 973 34
393 3 394 772 888 110 537 810
394 1 395 870
395 2 396 243 912 462
396 2 397 171 972 121
397 2 398 417 862 380
398 2 399 498 723 370
399 1 400 493
400 1 401 219
401 1 402 886
402 1 403 411
403 1 404 925
404 2 405 61 758 978
405 1 406 169
406 3 407 389 450 447 914 191
407 3 408 3 690 195 729 666
408 1 409 400
409 1 410 272
410 2 411 949 463 584
411 1 412 803
412 3 413 804 691 513 787 47
413 1 414 466
414 2 415 293 842 297
415 2 416 434 853 528
416 1 417 714
417 1 418 981
418 4 419 749 760 329 538 144 765 696
419 1 420 803
420 2 421 570 840 844
421 2 422 678 606 175
422 3 423 736 631 421 563 863
423 3 424 499 479 193 470 577
424 2 425 159 773 957
425 2 426 195 523 321
426 3 427 304 618 681 845 153
427 1 428 223
428 2 429 992 594 837
429 1 430 60
430 2 431 594 814 913
431 1 432 754
432 1 433 556
433 1 434 63
434 3 435 766 691 468 515 441
435 1 436 322
436 2 437 59 547 503
437 2 438 52 758 682
438 1 439 599
439 2 440 489 441 630
440 3 441 515 542 813 554 291
441 3 442 942 579 904 901 571
442 2 443 874 541 763
443 2 444 544 814 651
444 2 445 162 784 580
445 2 446 59 728 432
446 3 447 984 950 993 857 537
447 3 448 521 556 250 857 762
448 3 449 83 493 421 484 130
449 2 450 872 689 553
450 4 451 191 520 481 846 348 876 496
451 2 452 71 486 594
452 3 453 610 505 209 763 816
453 2 454 70 888 498
454 4 455 692 910 974 746 771 533 588
455 1 456 883
456 2 457 241 676 627
457 4 458 414 953 354 731 977 998 721
458 1 459 123
459 2 460 965 790 885
460 3 461 912 840 381 840 95
461 4 462 584 915 305 943 299 964 234
462 2 463 253 696 424
463 1 464 593
464 2 465 609 982 620
465 4 466 41 556 323 843 689 971 911
466 1 467 635
467 3 468 84 620 621 527 573
468 2 469 430 715 221
469 1 470 674
470 1 471 598
471 1 472 579
472 3 473 536 733 471 761 797
473 3 474 324 516 461 789 741
474 1 475 958
475 3 476 268 785 665 684 349
476 1 477 210
477 2 478 686 845 316
478 3 479 734 611 627 989 901
479 2 480 322 791 717
480 2 481 245 808 937
481 2 482 272 774 550
482 1 483 406
483 1 484 135
484 4 485 688 602 578 837 436 875 396
485 3 486 661 554 94 757 991
486 1 487 308
487 3 488 469 947 797 545 653
488 1 489 324
489 2 490 952 759 386
490 5 491 770 716 349 924 412 814 187 597 891
491 2 492 959 670 574
492 1 493 75
493 1 494 10
494 1 495 470
495 3 496 637 734 447 594 981
496 1 497 577
497 1 498 103
498 1 499 76
499 3 500 551 608 364 508 7
500 1 501 219
501 3 502 519 945 153 864 577
502 1 503 272
503 2 504 136 541 591
504 2 505 956 564 100
505 3 506 358 743 773 519 370
506 1 507 903
507 1 508 71
508 1 509 901
509 2 510 251 965 643
510 1 511 379
511 1 512 292
512 1 513 162
513 3 514 449 981 280 910 627
514 3 515 854 817 340 987 917
515 2 516 557 664 240
516 2 517 721 756 280
517 2 518 310 621 587
518 2 519 627 850 350
519 2 520 827 922 520
520 1 521 670
521 2 522 542 727 513
522 2 523 9 847 117
523 1 524 684
524 2 525 837 583 354
525 2 526 568 936 768
526 2 527 307 949 2
527 2 528 955 822 248
528 2 529 680 964 128
529 1 530 107
530 2 531 962 716 638
531 1 532 900
532 1 533 138
533 2 534 271 647 424
534 1 535 119
535 1 536 912
536 3 537 110 804 625 859 739
537 2 538 761 701 714
538 2 539 567 772 16
539 2 540 160 881 316
540 2 541 279 562 236
541 2 542 289 607 746
542 2 543 620 611 398
543 2 544 216 805 199
544 3 545 735 739 844 827 422
545 1 546 352
546 3 547 209 611 281 594 515
547 1 548 704
548 4 549 650 939 707 557 648 919 850
549 2 550 874 626 169
550 2 551 271 961 681
551 1 552 518
552 4 553 501 805 449 740 544 621 670
553 2 554 258 682 818
554 2 555 928 573 633
555 2 556 930 704 913
556 4 557 867 750 467 751 918 845 674
557 1 558 53
558 2 559 95 707 658
559 1 560 650
560 1 561 434
561 1 562 850
562 1 563 284
563 2 564 46 899 967
564 3 565 4 892 602 705 129
565 2 566 342 774 96
566 3 567 790 714 76 866 594
567 4 568 134 674 601 578 400 861 378
568 3 569 653 957 247 831 418
569 2 570 269 823 49
570 2 571 166 873 901
571 2 572 760 919 396
572 2 573 453 999 685
573 1 574 565
574 3 575 723 967 839 741 679
575 3 576 438 630 327 675 372
576 2 577 575 732 88
577 4 578 10 967 594 635 64 701 581
578 2 579 115 703 714
579 2 580 78 980 43
580 2 581 968 824 278
581 2 582 905 890 110
582 1 583 708
583 1 584 926
584 1 585 153
585 2 586 559 782 240
586 2 587 37 945 113
587 3 588 855 733 481 706 548
588 2 589 379 626 129
589 3 590 597 936 930 809 588
590 2 591 566 726 667
591 3 592 152 851 218 898 792
592 1 593 441
593 1 594 131
594 1 595 43
595 2 596 316 972 775
596 1 597 374
597 4 598 921 778 50 755 816 843 175
598 2 599 956 794 843
599 1 600 816
600 2 601 996 888 576
601 3 602 882 898 676 982 745
602 1 603 41
603 1 604 921
604 1 605 367
605 1 606 216
606 2 607 699 960 851
607 2 608 256 780 520
608 3 609 683 868 394 626 458
609 3 610 106 972 961 813 993
610 3 611 363 927 232 652 539
611 4 612 799 883 302 946 689 918 804
612 3 613 574 639 809 957 721
613 2 614 906 642 8
614 1 615 896
615 1 616 417
616 2 617 998 709 559
617 2 618 636 985 437
618 1 619 768
619 4 620 159 863 514 698 696 934 978
620 3 621 948 875 853 812 426
621 4 622 953 989 118 848 425 695 321
622 3 623 243 698 68 970 801
623 2 624 886 960 850
624 3 625 167 967 389 738 664
625 2 626 1000 953 919
626 1 627 820
627 1 628 831
628 1 629 182
629 2 630 903 743 225
630 5 631 423 839 962 633 928 845 255 931 246
631 2 632 26 879 676
632 2 633 184 960 32
633 2 634 755 785 818
634 3 635 947 829 152 904 259
635 1 636 341
636 2 637 802 951 692
637 1 638 954
638 2 639 422 993 408
639 1 640 822
640 2 641 686 796 630
641 2 642 885 989 438
642 2 643 753 767 105
643 2 644 831 697 791
644 2 645 255 996 55
645 3 646 274 957 819 764 70
646 2 647 164 978 343
647 1 648 807
648 2 649 719 948 562
649 2 650 111 789 803
650 2 651 392 849 383
651 2 652 894 749 636
652 1 653 40
653 4 654 880 844 111 773 54 995 957
654 3 655 482 960 995 973 469
655 1 656 228
656 4 657 205 903 896 743 607 987 987
657 2 658 837 688 537
658 3 659 941 944 27 854 805
659 1 660 472
660 4 661 359 736 242 707 630 848 371
661 2 662 313 878 521
662 2 663 841 760 293
663 3 664 815 740 931 795 736
664 1 665 893
665 4 666 234 701 800 707 873 837 811
666 3 667 229 805 631 769 775
667 2 668 25 894 939
668 1 669 676
669 2 670 198 854 710
670 2 671 409 953 739
671 4 672 337 710 182 841 280 968 592
672 1 673 286
673 3 674 886 951 474 879 72
674 2 675 72 994 738
675 1 676 991
676 2 677 792 891 630
677 3 678 286 867 71 779 436
678 3 679 360 884 834 787 658
679 3 680 657 977 378 757 508
680 1 681 522
681 1 682 410
682 1 683 696
683 1 684 864
684 2 685 550 728 537
685 2 686 340 734 190
686 3 687 962 740 879 963 430
687 3 688 29 895 373 974 223
688 3 689 119 826 591 853 243
689 3 690 899 746 427 968 435
690 3 691 994 732 279 789 180
691 2 692 268 811 483
692 2 693 183 896 991
693 1 694 595
694 3 695 986 998 499 987 452
695 2 696 272 777 976
696 3 697 40 961 353 996 677
697 2 698 112 768 6
698 1 699 611
699 2 700 445 823 510
700 4 701 354 762 816 848 233 844 921
701 2 702 747 874 264
702 3 703 806 728 933 891 558
703 2 704 322 823 947
704 1 705 447
705 3 706 621 736 162 746 513
706 2 707 524 896 223
707 2 708 119 951 662
708 3 709 395 833 314 963 377
709 1 710 922
710 3 711 591 964 296 847 30
711 1 712 195
712 1 713 261
713 2 714 46 868 871
714 1 715 726
715 1 716 447
716 3 717 2 848 786 868 23
717 2 718 533 750 555
718 3 719 948 777 874 960 776
719 1 720 826
720 4 721 552 772 455 838 513 825 407
721 2 722 704 972 325
722 3 723 737 862 426 963 460
723 2 724 963 868 720
724 3 725 760 949 450 802 10
725 1 726 755
726 2 727 687 816 813
727 1 728 202
728 2 729 373 980 459
729 4 730 442 957 76 896 391 933 952
730 1 731 72
731 1 732 972
732 1 733 681
733 2 734 943 968 38
734 3 735 339 976 103 985 94
735 3 736 639 985 894 809 299
736 2 737 322 982 539
737 4 738 680 946 501 951 303 988 189
738 2 739 869 809 644
739 3 740 128 813 420 880 549
740 2 741 738 746 268
741 2 742 922 886 103
742 1 743 308
743 2 744 520 896 858
744 4 745 317 945 931 990 839 967 934
745 1 746 683
746 1 747 419
747 1 748 335
748 1 749 413
749 1 750 714
750 1 751 303
751 3 752 568 885 989 972 354
752 2 753 131 986 180
753 1 754 197
754 1 755 431
755 1 756 681
756 5 757 963 880 284 852 832 983 540 942 871
757 3 758 389 783 971 973 307
758 2 759 694 770 412
759 3 760 767 867 539 790 765
760 1 761 925
761 1 762 179
762 1 763 631
763 3 764 583 904 339 852 55
764 5 765 309 990 140 788 445 900 221 875 180
765 2 766 416 872 180
766 3 767 562 939 269 967 460
767 1 768 854
768 2 769 1 887 584
769 1 770 312
770 2 771 294 983 432
771 1 772 216
772 4 773 441 931 51 910 485 895 937
773 1 774 805
774 2 775 594 902 641
775 1 776 622
776 1 777 671
777 1 778 330
778 3 779 477 919 38 873 528
779 2 780 453 930 742
780 3 781 453 852 588 860 944
781 3 782 692 835 641 992 501
782 3 783 219 889 621 923 287
783 1 784 524
784 3 785 485 909 197 789 247
785 1 786 813
786 1 787 923
787 2 788 983 822 785
788 1 789 816
789 2 790 754 928 856
790 1 791 174
791 3 792 675 994 875 997 150
792 3 793 87 830 808 876 31
793 1 794 291
794 3 795 528 928 390 809 144
795 1 796 680
796 2 797 649 838 988
797 2 798 635 819 743
798 1 799 344
799 1 800 96
800 2 801 839 868 347
801 1 802 975
802 1 803 770
803 1 804 241
804 1 805 689
805 2 806 318 950 211
806 2 807 231 936 274
807 4 808 826 868 603 833 520 825 354
808 1 809 204
809 2 810 151 911 15
810 2 811 26 862 908
811 2 812 48 816 96
812 1 813 251
813 1 814 487
814 2 815 626 916 81
815 1 816 871
816 2 817 787 883 349
817 1 818 75
818 2 819 467 877 622
819 1 820 425
820 2 821 908 979 472
821 2 822 645 912 225
822 1 823 590
823 2 824 200 945 532
824 1 825 736
825 4 826 714 901 765 916 74 944 937
826 1 827 394
827 2 828 507 965 794
828 2 829 410 843 465
829 2 830 250 911 684
830 2 831 152 865 65
831 1 832 672
832 2 833 705 943 826
833 2 834 6 998 180
834 3 835 915 974 485 925 274
835 2 836 769 983 327
836 3 837 882 952 906 837 764
837 1 838 789
838 1 839 907
839 1 840 110
840 2 841 798 841 290
841 3 842 436 858 411 904 33
842 2 843 225 968 109
843 1 844 181
844 2 845 824 990 944
845 5 846 981 997 275 853 84 876 132 901 781
846 1 847 713
847 2 848 531 868 670
848 4 849 476 983 96 979 546 989 925
849 2 850 52 951 282
850 4 851 571 893 264 962 94 969 713
851 6 852 256 873 96 944 91 925 79 894 739 887 778
852 3 853 940 902 304 892 511
853 2 854 869 916 512
854 3 855 125 978 484 954 694
855 2 856 468 905 377
856 1 857 137
857 2 858 821 945 732
858 2 859 476 878 349
859 2 860 684 865 637
860 1 861 544
861 1 862 573
862 1 863 610
863 1 864 325
864 1 865 973
865 4 866 774 978 103 943 204 960 118
866 2 867 913 960 93
867 1 868 454
868 3 869 628 985 94 884 723
869 1 870 835
870 2 871 737 951 17
871 2 872 914 955 187
872 2 873 517 957 988
873 1 874 437
874 1 875 851
875 1 876 929
876 2 877 562 976 421
877 1 878 457
878 4 879 919 969 148 962 778 891 917
879 1 880 163
880 4 881 762 956 440 939 73 925 122
881 2 882 883 955 602
882 2 883 487 974 327
883 1 884 461
884 3 885 266 893 283 913 760
885 1 886 770
886 2 887 254 914 441
887 3 888 861 891 135 972 534
888 1 889 653
889 2 890 284 986 503
890 2 891 785 903 896
891 4 892 797 975 994 940 635 935 824
892 1 893 534
893 3 894 497 926 54 900 251
894 2 895 642 955 45
895 1 896 245
896 1 897 282
897 2 898 451 996 633
898 1 899 80
899 1 900 731
900 2 901 293 949 285
901 3 902 241 937 570 991 497
902 2 903 279 960 250
903 3 904 344 926 957 967 478
904 1 905 328
905 2 906 915 917 68
906 1 907 554
907 1 908 83
908 1 909 142
909 2 910 155 949 707
910 2 911 237 966 753
911 1 912 393
912 2 913 711 971 725
913 1 914 157
914 2 915 724 980 144
915 1 916 220
916 1 917 66
917 1 918 425
918 2 919 418 988 340
919 1 920 339
920 6 921 556 980 923 931 330 977 90 924 612 986 457
921 1 922 478
922 3 923 426 999 3 994 927
923 3 924 64 969 63 967 863
924 1 925 212
925 3 926 853 929 48 962 795
926 3 927 431 990 612 994 232
927 3 928 399 972 360 993 151
928 3 929 927 948 342 971 311
929 2 930 789 941 668
930 2 931 599 955 330
931 2 932 969 969 335
932 2 933 713 940 852
933 1 934 21
934 3 935 878 953 238 978 560
935 2 936 902 997 991
936 1 937 784
937 3 938 590 984 53 953 566
938 2 939 390 995 556
939 3 940 489 958 397 998 387
940 2 941 7 947 537
941 2 942 966 944 857
942 2 943 361 973 894
943 3 944 306 982 521 955 428
944 1 945 772
945 1 946 400
946 4 947 874 998 532 983 43 975 672
947 1 948 914
948 1 949 977
949 2 950 856 968 449
950 2 951 430 972 292
951 1 952 552
952 1 953 766
953 1 954 753
954 1 955 560
955 4 956 820 974 522 976 891 991 713
956 4 957 618 993 739 974 295 987 33
957 3 958 920 963 286 988 489
958 2 959 226 974 7
959 4 960 500 962 936 978 898 972 986
960 1 961 225
961 3 962 280 985 774 970 872
962 3 963 447 996 434 974 110
963 3 964 498 994 117 982 377
964 4 965 30 977 78 970 905 974 176
965 3 966 399 986 938 985 456
966 1 967 345
967 2 968 685 990 602
968 1 969 696
969 3 970 818 973 664 999 228
970 4 971 415 977 477 972 77 987 917
971 1 972 742
972 1 973 170
973 2 974 861 974 784
974 3 975 479 983 34 999 644
975 1 976 942
976 2 977 131 993 558
977 2 978 638 988 642
978 2 979 547 981 355
979 3 980 28 989 495 980 217
980 3 981 929 982 773 985 490
981 2 982 404 994 407
982 1 983 607
983 1 984 578
984 3 985 679 995 857 988 602
985 2 986 28 999 924
986 1 987 86
987 6 988 659 988 130 988 63 996 952 992 329 998 896
988 1 989 439
989 4 990 139 993 881 995 176 997 472
990 2 991 888 997 133
991 4 992 473 993 972 996 615 998 571
992 1 993 187
993 2 994 52 997 886
994 2 995 267 997 155
995 4 996 389 996 94 998 658 998 965
996 2 997 336 998 790
997 2 998 217 998 509
998 4 999 466 999 70 999 134 999 404
999 0
SOURCE 0
SINK 999