100 199
0 2 1 21 73 10
1 1 2 10
2 2 3 26 4 47
3 2 4 42 39 31
4 1 5 4
5 1 6 5
6 1 7 35
7 3 8 7 53 30 49 44
8 2 9 24 35 29
9 1 10 38
10 3 11 4 39 7 95 8
11 3 12 33 45 34 62 30
12 1 13 14
13 3 14 3 75 41 57 48
14 2 15 6 78 4
15 2 16 28 30 32
16 3 17 27 82 40 20 10
17 1 18 5
18 3 19 16 88 2 97 39
19 4 20 6 30 12 49 43 42 10
20 3 21 36 35 22 87 2
21 2 22 28 79 26
22 1 23 4
23 2 24 37 24 50
24 2 25 8 52 2
25 3 26 15 92 32 87 12
26 3 27 41 75 10 94 24
27 2 28 41 64 9
28 1 29 38
29 3 30 4 31 32 90 13
30 1 31 37
31 1 32 38
32 2 33 26 60 19
33 3 34 4 95 45 58 45
34 2 35 15 95 45
35 1 36 3
36 2 37 36 37 10
37 1 38 9
38 1 39 19
39 2 40 27 45 10
40 1 41 10
41 1 42 35
42 2 43 8 83 15
43 3 44 37 88 23 57 31
44 2 45 20 46 30
45 3 46 36 56 40 92 2
46 2 47 44 57 23
47 1 48 12
48 1 49 7
49 2 50 38 95 49
50 3 51 37 82 6 76 26
51 4 52 41 55 13 99 15 99 6
52 1 53 13
53 3 54 24 88 24 86 9
54 1 55 7
55 3 56 36 91 18 96 22
56 1 57 46
57 1 58 5
58 2 59 37 63 6
59 2 60 4 90 31
60 3 61 40 83 10 68 36
61 2 62 14 84 42
62 1 63 32
63 1 64 44
64 2 65 35 80 49
65 2 66 28 67 29
66 2 67 50 97 50
67 1 68 21
68 3 69 30 72 24 73 34
69 3 70 38 94 33 83 9
70 3 71 30 79 9 88 9
71 2 72 24 90 21
72 1 73 20
73 1 74 16
74 1 75 12
75 4 76 45 81 17 90 42 86 17
76 3 77 50 92 38 78 7
77 3 78 16 89 31 89 29
78 4 79 6 97 21 79 5 85 16
79 2 80 37 99 1
80 1 81 20
81 2 82 34 90 23
82 2 83 32 97 19
83 3 84 22 85 30 87 34
84 2 85 47 94 34
85 3 86 29 87 49 87 4
86 1 87 19
87 3 88 39 94 15 96 26
88 1 89 5
89 1 90 8
90 2 91 33 97 23
91 2 92 27 98 43
92 3 93 11 95 24 94 11
93 2 94 49 99 20
94 2 95 22 96 26
95 2 96 10 97 28
96 1 97 32
97 2 98 27 99 42
98 2 99 3 99 35
99 0 
SOURCE 0
SINK 99